##FastQC	0.12.1
>>Basic Statistics	pass
#Measure	Value
Filename	SRR292678_2.fastq.gz
File type	Conventional base calls
Encoding	Sanger / Illumina 1.9
Total Sequences	6111112
Total Bases	550 Mbp
Sequences flagged as poor quality	0
Sequence length	90
%GC	49
>>END_MODULE
>>Per base sequence quality	pass
#Base	Mean	Median	Lower Quartile	Upper Quartile	10th Percentile	90th Percentile
1	38.1730100839258	39.0	38.0	39.0	36.0	39.0
2	37.98140714815896	39.0	38.0	39.0	36.0	39.0
3	37.9529170795757	39.0	38.0	39.0	36.0	39.0
4	37.93062702827243	39.0	38.0	39.0	36.0	39.0
5	37.9331548824502	39.0	38.0	39.0	36.0	39.0
6	37.970711876987366	39.0	38.0	39.0	36.0	39.0
7	37.919555557155554	39.0	38.0	39.0	36.0	39.0
8	37.899219487386254	39.0	38.0	39.0	36.0	39.0
9	37.85797560247627	39.0	38.0	39.0	36.0	39.0
10-11	37.847246213127825	39.0	38.0	39.0	36.0	39.0
12-13	37.75040589994096	39.0	37.5	39.0	35.0	39.0
14-15	37.68984253602291	39.0	37.0	39.0	35.0	39.0
16-17	37.62404190923027	39.0	37.0	39.0	35.0	39.0
18-19	37.508390371506856	39.0	37.0	39.0	35.0	39.0
20-21	37.43861297256538	39.0	37.0	39.0	35.0	39.0
22-23	37.29922778374869	39.0	37.0	39.0	34.0	39.0
24-25	37.179732837493404	39.0	37.0	39.0	34.0	39.0
26-27	37.03223390440234	38.5	36.5	39.0	33.0	39.0
28-29	36.87760901780233	38.0	36.0	39.0	33.0	39.0
30-31	37.013582143478956	38.0	36.5	39.0	33.0	39.0
32-33	36.94680755319163	38.0	36.0	39.0	33.0	39.0
34-35	36.896576924134266	38.0	36.0	39.0	33.0	39.0
36-37	36.924919147284484	38.5	36.0	39.0	33.0	39.0
38-39	36.806976291712544	38.0	36.0	39.0	33.0	39.0
40-41	36.67890811034064	38.0	36.0	39.0	33.0	39.0
42-43	36.56235346365768	38.0	36.0	39.0	33.0	39.0
44-45	36.40484628656781	38.0	36.0	39.0	32.0	39.0
46-47	36.09905365831947	37.0	35.0	39.0	31.5	39.0
48-49	35.86706404660886	37.0	35.0	39.0	31.0	39.0
50-51	36.16098003113018	37.5	35.5	39.0	32.0	39.0
52-53	36.49410009176726	38.0	36.0	39.0	33.0	39.0
54-55	36.40462374114564	38.0	36.0	39.0	32.0	39.0
56-57	36.75377419036012	38.0	36.0	39.0	33.0	39.0
58-59	36.6070423844302	38.0	36.0	39.0	33.0	39.0
60-61	36.498686491100145	38.0	36.0	39.0	32.0	39.0
62-63	36.31381809071737	38.0	36.0	39.0	31.5	39.0
64-65	36.19940168008703	38.0	35.5	39.0	31.0	39.0
66-67	36.03185721354804	38.0	35.5	39.0	31.0	39.0
68-69	35.794626575327044	37.0	35.0	39.0	30.5	39.0
70-71	35.63826779807014	37.0	35.0	39.0	30.0	39.0
72-73	35.38464709859679	37.0	34.5	39.0	29.5	39.0
74-75	35.168573984571054	37.0	34.0	39.0	29.0	39.0
76-77	34.88284996249455	37.0	33.5	38.5	28.0	39.0
78-79	34.60084351260458	36.0	33.0	38.0	27.5	39.0
80-81	34.36438998336146	36.0	33.0	38.0	27.0	39.0
82-83	34.001486145238374	36.0	32.5	38.0	26.0	39.0
84-85	33.737593665440926	36.0	32.0	38.0	26.0	39.0
86-87	33.65017659633795	35.5	32.0	37.5	26.0	39.0
88-89	33.25672332629479	35.0	31.0	37.0	25.0	39.0
90	33.38595692567899	35.0	31.0	37.0	26.0	39.0
>>END_MODULE
>>Per tile sequence quality	pass
#Tile	Base	Mean
1101	1	0.14387180871595007
1101	2	0.2027743252143921
1101	3	0.13257644380479405
1101	4	0.1705598556554051
1101	5	0.15142732484922306
1101	6	0.13830136431891304
1101	7	0.14523573518859934
1101	8	0.13841233997675317
1101	9	0.12000168770899222
1101	10-11	0.15416341172419834
1101	12-13	0.15326167211955521
1101	14-15	0.14253397397916956
1101	16-17	0.1332104600732933
1101	18-19	0.1570441393097397
1101	20-21	0.15836625852041664
1101	22-23	0.1696801162024144
1101	24-25	0.13473490200245664
1101	26-27	0.05596691548591792
1101	28-29	0.08922835081202152
1101	30-31	0.13175852698089585
1101	32-33	0.13003761614375975
1101	34-35	0.11467475600955623
1101	36-37	0.11234532434571065
1101	38-39	0.09366131347508855
1101	40-41	0.09169468642038225
1101	42-43	0.09393621652089479
1101	44-45	0.09511789639308432
1101	46-47	0.00848482880367385
1101	48-49	-0.030382757678438566
1101	50-51	0.1114517237412116
1101	52-53	0.16551499683725268
1101	54-55	0.1294534156274807
1101	56-57	0.06694799965880094
1101	58-59	0.047080738705112424
1101	60-61	0.026607578005659605
1101	62-63	0.055016868388555906
1101	64-65	-0.011250400809139194
1101	66-67	-0.07812231931654878
1101	68-69	-0.016209972163579778
1101	70-71	-0.06064062688383132
1101	72-73	-0.17917500319733648
1101	74-75	-0.1590458200331213
1101	76-77	-0.18985099818957707
1101	78-79	-0.238167622174835
1101	80-81	-0.2604939146923826
1101	82-83	-0.40558373822243965
1101	84-85	-0.3186984367269261
1101	86-87	-0.4970890697506931
1101	88-89	-0.4658344284709557
1101	90	-0.4079430071930332
1102	1	0.1316955326969662
1102	2	0.19148695163907092
1102	3	0.17338373642319027
1102	4	0.1864500753303986
1102	5	0.1630391729544769
1102	6	0.16598485362907667
1102	7	0.17397342234934143
1102	8	0.18308725676693882
1102	9	0.18357726136689934
1102	10-11	0.13077686170613134
1102	12-13	0.13862461701664586
1102	14-15	0.1718948329739689
1102	16-17	0.19386620637340712
1102	18-19	0.19096569496756644
1102	20-21	0.15613980984606712
1102	22-23	0.1322396405348556
1102	24-25	0.10631531906165037
1102	26-27	0.13011891049297475
1102	28-29	0.11791547845677997
1102	30-31	0.15119982024968692
1102	32-33	0.1444011535265517
1102	34-35	0.18225309044762383
1102	36-37	0.18573792184891147
1102	38-39	0.13396365469329652
1102	40-41	0.12773809209184606
1102	42-43	0.0813965693550287
1102	44-45	0.1196628641513442
1102	46-47	0.0778139026278808
1102	48-49	0.07754969621441887
1102	50-51	0.12132222424480688
1102	52-53	0.17856541721344854
1102	54-55	0.1735857439467594
1102	56-57	0.13003525382368508
1102	58-59	0.12858659962468266
1102	60-61	0.10537439160578543
1102	62-63	0.10194142280971619
1102	64-65	0.09326005991880493
1102	66-67	0.07718936552701905
1102	68-69	0.04752204945845051
1102	70-71	0.04254846023230385
1102	72-73	0.03701031432224511
1102	74-75	-0.035262535257835737
1102	76-77	-0.0363512008283422
1102	78-79	-0.031056008355768938
1102	80-81	-0.09143301194308862
1102	82-83	-0.13059188973947045
1102	84-85	-0.24554306485073596
1102	86-87	-0.2207757917096771
1102	88-89	-0.2718711314815465
1102	90	-0.2916004561939971
1103	1	0.08318076565286958
1103	2	0.0664583651215338
1103	3	0.07714463043622288
1103	4	0.10077211794175867
1103	5	0.08799632264880586
1103	6	0.06365870296472309
1103	7	0.09600221582763169
1103	8	0.08235938842062751
1103	9	0.02262243119105989
1103	10-11	0.06499599182928506
1103	12-13	0.07853647469899272
1103	14-15	0.06741958097952505
1103	16-17	0.04240420140450141
1103	18-19	0.06346805851262616
1103	20-21	0.04783017175881099
1103	22-23	0.0839070789050993
1103	24-25	0.055620493705667684
1103	26-27	0.04507785200201653
1103	28-29	0.038158146341771726
1103	30-31	0.0544153280984645
1103	32-33	0.06681521791892209
1103	34-35	0.04810077922704181
1103	36-37	0.04106285073754634
1103	38-39	0.05785389046146605
1103	40-41	0.03663840886787284
1103	42-43	-0.010338142021858232
1103	44-45	-0.008329392092917942
1103	46-47	-0.05678610600317313
1103	48-49	-0.05005390639921359
1103	50-51	-0.007298269092622434
1103	52-53	0.05388965828305459
1103	54-55	0.03033802546094222
1103	56-57	0.031430629527157805
1103	58-59	0.0038308086958380727
1103	60-61	-2.153886129718785E-4
1103	62-63	0.00335555721406422
1103	64-65	-0.03131285930305694
1103	66-67	-0.05232506191283903
1103	68-69	-0.04032558745264225
1103	70-71	-0.08085388530235349
1103	72-73	-0.055834953149663136
1103	74-75	-0.08962891503255577
1103	76-77	-0.08446821678440841
1103	78-79	-0.09371867986333626
1103	80-81	-0.12811498523131348
1103	82-83	-0.09663841049761146
1103	84-85	-0.12188755373405513
1103	86-87	-0.14136283039042752
1103	88-89	-0.1553815209829139
1103	90	-0.2265299567932999
1104	1	0.04780752038054459
1104	2	0.07984451779061175
1104	3	0.050600638497535044
1104	4	0.050678856188248744
1104	5	0.04670972476498747
1104	6	0.0656782321413587
1104	7	0.04176404148051205
1104	8	0.04698650804081694
1104	9	-0.046080156280844164
1104	10-11	0.01859657008877491
1104	12-13	0.031892611925783854
1104	14-15	0.0612673123006644
1104	16-17	0.05602868046232601
1104	18-19	0.051647643451488534
1104	20-21	0.037882672986285115
1104	22-23	0.053563114809705326
1104	24-25	0.030632953091398463
1104	26-27	0.05379044673577482
1104	28-29	0.017052293022146614
1104	30-31	0.08348489508396284
1104	32-33	0.10784718010432215
1104	34-35	0.08068636425023357
1104	36-37	0.07693320047383878
1104	38-39	0.08075823508388424
1104	40-41	0.01382560222825191
1104	42-43	0.07440550138812796
1104	44-45	0.057555502320532526
1104	46-47	0.017371388977267088
1104	48-49	-0.008125668895239357
1104	50-51	0.06583583633623391
1104	52-53	0.037743400138303684
1104	54-55	0.06492432075279453
1104	56-57	0.0549755298696013
1104	58-59	0.10529779006962059
1104	60-61	0.02068367688621464
1104	62-63	0.05638437384741479
1104	64-65	0.08160970389447186
1104	66-67	0.09027819009730109
1104	68-69	0.09663963181516522
1104	70-71	0.11109907605581526
1104	72-73	0.0936212689388114
1104	74-75	0.07714973386185875
1104	76-77	0.13597336572714624
1104	78-79	0.048857985031347084
1104	80-81	0.14124967568751146
1104	82-83	0.044391406520126964
1104	84-85	0.10220494465200858
1104	86-87	0.0660870513380516
1104	88-89	-0.007776497919991243
1104	90	0.06559230268186411
1105	1	0.004171643969250738
1105	2	-0.005721299223282017
1105	3	-0.05839474376027454
1105	4	-0.03506952946177222
1105	5	-0.03042046701368406
1105	6	-0.017049932359562092
1105	7	3.3922428499977286E-5
1105	8	-0.018984810931925722
1105	9	0.008916127603242785
1105	10-11	-0.017208665382526078
1105	12-13	-0.0049537434700184235
1105	14-15	-0.014110522658270952
1105	16-17	0.0018710565239032917
1105	18-19	-0.0222306840627553
1105	20-21	-0.02140371816861375
1105	22-23	-0.008479365329137067
1105	24-25	-0.03986483235057392
1105	26-27	-0.007875598300771003
1105	28-29	-0.021857271735228778
1105	30-31	-0.00894878149006928
1105	32-33	-0.014526785944767084
1105	34-35	-0.008641428198494339
1105	36-37	-0.01913541164397259
1105	38-39	0.01590925364696716
1105	40-41	-0.009804063162491161
1105	42-43	0.029146917829002916
1105	44-45	0.021346712657766886
1105	46-47	0.045925203021838
1105	48-49	0.06810558946217782
1105	50-51	0.038382718126833026
1105	52-53	0.018590106889107005
1105	54-55	0.048355318568724215
1105	56-57	0.017544489030967725
1105	58-59	0.022127519098908977
1105	60-61	0.03283259912780778
1105	62-63	0.0012146140213289414
1105	64-65	0.042360479456306166
1105	66-67	0.02499302647903079
1105	68-69	0.024812829808340098
1105	70-71	0.06301575424495809
1105	72-73	0.01055947575720495
1105	74-75	0.07057778076336518
1105	76-77	0.1549873672958384
1105	78-79	0.14153834676977084
1105	80-81	0.11041281190703245
1105	82-83	0.13277407729695057
1105	84-85	0.049757074508463006
1105	86-87	0.05457095582846705
1105	88-89	0.09932296808676
1105	90	0.053303560930885396
1106	1	-0.04608298008452749
1106	2	-0.13745747655256224
1106	3	-0.07515553807618147
1106	4	-0.05100226509630801
1106	5	-0.067468526741564
1106	6	-0.09923011093614065
1106	7	-0.0446363144827302
1106	8	-0.04607262849177829
1106	9	-0.07269215369100124
1106	10-11	-0.062304973185284496
1106	12-13	-0.07783215546056965
1106	14-15	-0.07048606290888415
1106	16-17	-0.0832161064030501
1106	18-19	-0.05745178621025815
1106	20-21	-0.08670242176850707
1106	22-23	-0.04535873566912585
1106	24-25	-0.03362631502890423
1106	26-27	-0.060490772124076386
1106	28-29	-0.05767228419407644
1106	30-31	-0.06246589324650387
1106	32-33	-0.02300025763501168
1106	34-35	-0.07746185505222769
1106	36-37	-0.0284306099889875
1106	38-39	-0.044194532582714885
1106	40-41	-0.04265863009625548
1106	42-43	-0.03642030636522264
1106	44-45	-0.051550317873321205
1106	46-47	-0.05669549095040338
1106	48-49	-0.04345748602105459
1106	50-51	-0.10082281172264373
1106	52-53	-0.0886564054031922
1106	54-55	-0.07132448428563265
1106	56-57	-0.019690431769582517
1106	58-59	-0.014659589663203576
1106	60-61	-9.783166250798558E-5
1106	62-63	0.041782075910496985
1106	64-65	0.007697391106326279
1106	66-67	0.0038481177091753693
1106	68-69	0.03407705378242554
1106	70-71	0.030366537713085506
1106	72-73	0.09580459815047959
1106	74-75	0.06887036315027473
1106	76-77	0.1416627852732617
1106	78-79	0.09905508376498773
1106	80-81	0.12495335367740523
1106	82-83	0.19140952046432602
1106	84-85	0.20333177964383964
1106	86-87	0.24334530394117593
1106	88-89	0.3038993599895008
1106	90	0.20784443278228792
1107	1	-0.10133987032853042
1107	2	-0.12912252772783006
1107	3	-0.13304550985015595
1107	4	-0.1568117909505986
1107	5	-0.15684742858438483
1107	6	-0.16648089224539575
1107	7	-0.16089053545550058
1107	8	-0.1548975551348093
1107	9	-0.15567855009221176
1107	10-11	-0.14058919194197017
1107	12-13	-0.15853391921734783
1107	14-15	-0.14404702388918622
1107	16-17	-0.12422310473770182
1107	18-19	-0.2180465532032727
1107	20-21	-0.16218021200872101
1107	22-23	-0.20754461342158947
1107	24-25	-0.18250404040625057
1107	26-27	-0.183736598402497
1107	28-29	-0.2429358820540486
1107	30-31	-0.21244477361820913
1107	32-33	-0.2008603017518098
1107	34-35	-0.19907480963263424
1107	36-37	-0.12000000092386642
1107	38-39	-0.1294703940233788
1107	40-41	-0.10885594368383522
1107	42-43	-0.08110845838968572
1107	44-45	-0.10516952395939683
1107	46-47	-0.10912824656327302
1107	48-49	-0.052275327975522146
1107	50-51	-0.136389457752486
1107	52-53	-0.20968888761003512
1107	54-55	-0.15841723716978606
1107	56-57	-0.09889381105762851
1107	58-59	-0.09455412603391977
1107	60-61	-0.11604787464309396
1107	62-63	-0.05014852860941943
1107	64-65	-0.05068447076129701
1107	66-67	-0.00784687505293391
1107	68-69	-0.03374852150918173
1107	70-71	0.04484456078042598
1107	72-73	0.0697962058284105
1107	74-75	0.03231320883386246
1107	76-77	0.15433151778038479
1107	78-79	0.0753012775172337
1107	80-81	0.19079951904107162
1107	82-83	0.24556156709581245
1107	84-85	0.22748893855928287
1107	86-87	0.30458232632225446
1107	88-89	0.326786958339234
1107	90	0.32084924593495145
1108	1	-0.24543675066342985
1108	2	-0.37202458317461407
1108	3	-0.3376503110125313
1108	4	-0.4089287886764694
1108	5	-0.2936676532954152
1108	6	-0.2698312442691986
1108	7	-0.2905487002322076
1108	8	-0.3203685885098366
1108	9	-0.32044745357548265
1108	10-11	-0.3234794685004019
1108	12-13	-0.3424261535494537
1108	14-15	-0.3568248429853682
1108	16-17	-0.37242670861854776
1108	18-19	-0.3547671534087513
1108	20-21	-0.38269895062258286
1108	22-23	-0.37735158417733317
1108	24-25	-0.3666156103312659
1108	26-27	-0.44518197763087386
1108	28-29	-0.408695746777596
1108	30-31	-0.42796907404827067
1108	32-33	-0.3822331532622698
1108	34-35	-0.37102804232153375
1108	36-37	-0.3003317073002094
1108	38-39	-0.31323076875973044
1108	40-41	-0.27250709232642123
1108	42-43	-0.27805406962986723
1108	44-45	-0.28515806079753503
1108	46-47	-0.21865242339741542
1108	48-49	-0.2650123204485695
1108	50-51	-0.3418345180207609
1108	52-53	-0.4072655408805588
1108	54-55	-0.39332403587928866
1108	56-57	-0.3575918825840958
1108	58-59	-0.40375505149426516
1108	60-61	-0.4021178020861882
1108	62-63	-0.3103281926980017
1108	64-65	-0.26162208500443285
1108	66-67	-0.16462548449828773
1108	68-69	-0.11723680109535906
1108	70-71	-0.09512868914723072
1108	72-73	-0.05207809299382404
1108	74-75	-0.032308084658474456
1108	76-77	0.055976484201998744
1108	78-79	0.09096673193791815
1108	80-81	0.2535139660382697
1108	82-83	0.35540570330498156
1108	84-85	0.3895000318316235
1108	86-87	0.42778243834901986
1108	88-89	0.5180075434545159
1108	90	0.5513897517117101
1201	1	0.08728414489507941
1201	2	0.09422437658078309
1201	3	0.08528231837208722
1201	4	0.08271044399070604
1201	5	0.07507716875328185
1201	6	0.07688910287528472
1201	7	0.07598926733263767
1201	8	0.103659352945499
1201	9	0.11896501068917331
1201	10-11	0.10301496304930424
1201	12-13	0.11711309222965838
1201	14-15	0.12127873625394159
1201	16-17	0.12645744038091777
1201	18-19	0.14160042149217844
1201	20-21	0.12684861644842726
1201	22-23	0.11077082385494919
1201	24-25	0.12144880464634156
1201	26-27	0.11911693075392549
1201	28-29	0.12731283701897667
1201	30-31	0.13855671244845524
1201	32-33	0.1053375993282657
1201	34-35	0.09077189533693542
1201	36-37	0.04357116277752482
1201	38-39	0.05309753748934298
1201	40-41	0.06615636258088387
1201	42-43	0.08045668042871057
1201	44-45	0.05274526088398801
1201	46-47	0.039283612297907666
1201	48-49	0.04400217196392475
1201	50-51	0.08514477589218927
1201	52-53	0.11498622530783109
1201	54-55	0.12264915433446788
1201	56-57	0.06418157720893447
1201	58-59	0.05319103305032513
1201	60-61	0.026605691789903574
1201	62-63	0.03780213302854918
1201	64-65	-0.01914858880117265
1201	66-67	-0.022243316385186063
1201	68-69	-0.07919338715686308
1201	70-71	-0.08244951707155934
1201	72-73	-0.15305009834604277
1201	74-75	-0.15913655806478033
1201	76-77	-0.1915723251783774
1201	78-79	-0.209525464332593
1201	80-81	-0.2735346542429937
1201	82-83	-0.3150423472320867
1201	84-85	-0.24781495822272603
1201	86-87	-0.4288455088776999
1201	88-89	-0.5274512320077065
1201	90	-0.4634792964867529
1202	1	0.10766575807808465
1202	2	0.13229896461201207
1202	3	0.11390330709715357
1202	4	0.1022825746643079
1202	5	0.11962761685966683
1202	6	0.13583677561307184
1202	7	0.13924454342399173
1202	8	0.0870360514132642
1202	9	0.15955477651744587
1202	10-11	0.12748735391371468
1202	12-13	0.1424527857827087
1202	14-15	0.11434031474483675
1202	16-17	0.1522307852782845
1202	18-19	0.16621736280470145
1202	20-21	0.14397784454904183
1202	22-23	0.15799545525129588
1202	24-25	0.16374426576226853
1202	26-27	0.14882204783979347
1202	28-29	0.17978464968159358
1202	30-31	0.16093312181532582
1202	32-33	0.13220952763124671
1202	34-35	0.10661462444939929
1202	36-37	0.11364922001950362
1202	38-39	0.10030771384089121
1202	40-41	0.1338927025635428
1202	42-43	0.11167957721968946
1202	44-45	0.1438409532806375
1202	46-47	0.10423012863210346
1202	48-49	0.07474805227615633
1202	50-51	0.08044688632872976
1202	52-53	0.13603277055212004
1202	54-55	0.11001544516997797
1202	56-57	0.0973992701837858
1202	58-59	0.11753043750247372
1202	60-61	0.06830849606858891
1202	62-63	0.05429533915748408
1202	64-65	0.010570983329500905
1202	66-67	-0.07442602815159205
1202	68-69	-0.10486554674056237
1202	70-71	-0.0884628157127807
1202	72-73	-0.06162193991875142
1202	74-75	-0.1770608136299714
1202	76-77	-0.10834017715872335
1202	78-79	-0.12025110758209223
1202	80-81	-0.15073904857661802
1202	82-83	-0.25518400667123586
1202	84-85	-0.21886150346701783
1202	86-87	-0.28150523712285747
1202	88-89	-0.30270419529189496
1202	90	-0.27466750117019245
1203	1	0.044523697776995164
1203	2	0.08016201945712709
1203	3	0.027521390958575864
1203	4	0.04894867790750368
1203	5	0.0356143884154676
1203	6	0.05118891066475584
1203	7	0.04716085102365497
1203	8	0.006922844859452937
1203	9	0.07957432084640459
1203	10-11	0.06462738635213583
1203	12-13	0.05975785280701018
1203	14-15	0.038199971038046954
1203	16-17	0.054913062007877045
1203	18-19	0.06337744295861825
1203	20-21	0.06692667138129593
1203	22-23	0.08099866168504377
1203	24-25	0.08608327905074731
1203	26-27	0.10440363479127512
1203	28-29	0.06353281509164077
1203	30-31	0.08298186810574038
1203	32-33	0.07416310153715955
1203	34-35	0.047336563882289795
1203	36-37	0.04005036644772275
1203	38-39	0.033985093404503175
1203	40-41	0.06557656750077712
1203	42-43	0.017159378488223354
1203	44-45	0.06734299730710092
1203	46-47	0.033353199253078
1203	48-49	0.03143911009910738
1203	50-51	0.03111468168962972
1203	52-53	0.060452017190286256
1203	54-55	0.03473524590279453
1203	56-57	0.024719351058145378
1203	58-59	-0.002650813981126987
1203	60-61	0.027253247778951106
1203	62-63	0.010067704991122639
1203	64-65	0.002499203179183951
1203	66-67	-0.01778548216653064
1203	68-69	-0.06875459341881651
1203	70-71	-0.07439203032816977
1203	72-73	-0.0459659833780961
1203	74-75	-0.04350496266194881
1203	76-77	-0.07234409064273706
1203	78-79	-0.04351643293143326
1203	80-81	-0.0941838358473106
1203	82-83	-0.15505077087481567
1203	84-85	-0.18191573667076
1203	86-87	-0.09642121544305837
1203	88-89	-0.17837950681428083
1203	90	-0.12292936285064826
1204	1	0.0503760662573427
1204	2	0.04368764531686509
1204	3	0.05916784702799305
1204	4	0.07792175400161483
1204	5	0.03447240054129708
1204	6	0.06019332128665411
1204	7	-0.011882984769613358
1204	8	0.028883036397161277
1204	9	-0.032312582382559185
1204	10-11	0.04533257478742314
1204	12-13	-0.042470894990835006
1204	14-15	0.0022663758194880756
1204	16-17	-0.026516778270796237
1204	18-19	-0.05649152639754362
1204	20-21	0.040364182591190456
1204	22-23	0.06778826848940867
1204	24-25	0.07373311064491617
1204	26-27	0.06489643823205427
1204	28-29	0.07362923582127223
1204	30-31	0.08603781744800898
1204	32-33	0.06476347575159735
1204	34-35	0.10831969740489455
1204	36-37	0.05729026250287461
1204	38-39	0.09640858983906497
1204	40-41	0.11838574925904055
1204	42-43	0.04760681896439678
1204	44-45	0.07376854329257299
1204	46-47	0.06915094802089072
1204	48-49	0.1408492895105411
1204	50-51	0.10005764674124862
1204	52-53	0.09297451079295627
1204	54-55	0.09271900597025962
1204	56-57	0.053754963441399184
1204	58-59	0.04528375193049783
1204	60-61	0.05038121390960981
1204	62-63	0.04571491813157991
1204	64-65	0.03965486704063892
1204	66-67	0.04837368274303344
1204	68-69	0.02329663170613827
1204	70-71	6.808001700235877E-4
1204	72-73	0.06940150016222901
1204	74-75	0.05752723348701494
1204	76-77	0.07147954679637536
1204	78-79	0.09625866870016608
1204	80-81	0.019347011677808723
1204	82-83	0.045828123679420685
1204	84-85	0.04246657745753879
1204	86-87	0.11343574157444891
1204	88-89	0.0540731462837698
1204	90	0.131838893475539
1205	1	-0.050699113186766454
1205	2	0.014897069244625527
1205	3	0.02185834332760095
1205	4	-0.003274684652190274
1205	5	0.002905892228746154
1205	6	-0.007065852082234869
1205	7	0.01876105537635908
1205	8	0.04477907752418275
1205	9	0.06750406807001497
1205	10-11	0.01641581133483072
1205	12-13	0.00754348135248506
1205	14-15	0.03875224901887009
1205	16-17	0.010534143200402468
1205	18-19	-0.009491981115523629
1205	20-21	0.015021879186036813
1205	22-23	-0.014562255332734253
1205	24-25	0.04773461463049955
1205	26-27	0.03298663285384151
1205	28-29	0.038897057274922986
1205	30-31	0.016843632875861658
1205	32-33	0.03682846379172844
1205	34-35	0.04722970492969125
1205	36-37	-0.02202235255248297
1205	38-39	0.052244094738604474
1205	40-41	0.011933575454406764
1205	42-43	0.022889046400443647
1205	44-45	0.07530739611708981
1205	46-47	0.0849651858020053
1205	48-49	0.03529925845832338
1205	50-51	0.08194140800129901
1205	52-53	0.04748391622372594
1205	54-55	0.035804943281817714
1205	56-57	0.014561703208094912
1205	58-59	0.03685849922417361
1205	60-61	0.019558295338519827
1205	62-63	0.02775976331253105
1205	64-65	0.07637263657296955
1205	66-67	0.07050914125868246
1205	68-69	0.045309651348901525
1205	70-71	0.0889060855708621
1205	72-73	0.07462534972843571
1205	74-75	0.1495512965375312
1205	76-77	0.08219556047363596
1205	78-79	0.17101761907778723
1205	80-81	0.14110362624692385
1205	82-83	0.09183838464205962
1205	84-85	0.17259204327137212
1205	86-87	0.11337957647000252
1205	88-89	0.10044194023367936
1205	90	0.044223849074086274
1206	1	-0.0076350160765699115
1206	2	-9.587156676218456E-4
1206	3	-0.01680308628964866
1206	4	-0.03190582842760392
1206	5	-0.0026676363567119665
1206	6	-0.035280144489817644
1206	7	-0.06364077305045157
1206	8	0.0163949264330725
1206	9	0.03947641689568826
1206	10-11	-0.03247361176204322
1206	12-13	-0.009747917042602694
1206	14-15	-0.024320643637224748
1206	16-17	-0.04651949738224204
1206	18-19	-0.03397452460620087
1206	20-21	-0.007116551811279237
1206	22-23	-0.013113264010641501
1206	24-25	-0.018584430657831774
1206	26-27	0.02260620080203779
1206	28-29	0.021355857418939195
1206	30-31	-0.01234851253855851
1206	32-33	-0.02943212082107749
1206	34-35	-0.021803705257639194
1206	36-37	-0.02093380482726559
1206	38-39	0.00681754483168362
1206	40-41	0.023388982399090708
1206	42-43	-0.04074642974855891
1206	44-45	0.002504653741546292
1206	46-47	-6.370398042179204E-4
1206	48-49	0.025397142219546254
1206	50-51	-0.058323374273356876
1206	52-53	-0.054435469810840686
1206	54-55	-0.0360297286044613
1206	56-57	0.021381973672951915
1206	58-59	0.004229486999079768
1206	60-61	0.030309599830111722
1206	62-63	0.023153165930978048
1206	64-65	0.01656300992979709
1206	66-67	0.010602679741730014
1206	68-69	0.02720200976631304
1206	70-71	0.00949323363361998
1206	72-73	0.011716253443196933
1206	74-75	0.034337013415118633
1206	76-77	0.07192959811843735
1206	78-79	0.044457475679969605
1206	80-81	-0.027061459199018145
1206	82-83	-0.0010921625899626974
1206	84-85	0.06615085116821007
1206	86-87	0.0812528028595878
1206	88-89	0.18307196313634222
1206	90	0.11808313621087763
1207	1	-0.11085301847069928
1207	2	-0.1720810006381015
1207	3	-0.12931640053151483
1207	4	-0.10985763236406854
1207	5	-0.13819664562006295
1207	6	-0.15544936375304275
1207	7	-0.09273618044976217
1207	8	-0.11119516673442575
1207	9	-0.10961387997067362
1207	10-11	-0.12054529962941274
1207	12-13	-0.0978833687813605
1207	14-15	-0.10787950632848009
1207	16-17	-0.10163292011691993
1207	18-19	-0.08153605124520169
1207	20-21	-0.059631596786800856
1207	22-23	-0.07752003541967412
1207	24-25	-0.07687167653289606
1207	26-27	-0.09526916815676856
1207	28-29	-0.09474319300195333
1207	30-31	-0.11450883564234715
1207	32-33	-0.12422646034830365
1207	34-35	-0.10142683721964119
1207	36-37	-0.14028222130021106
1207	38-39	-0.11115299877259588
1207	40-41	-0.12114380746503173
1207	42-43	-0.12830906675843323
1207	44-45	-0.16435420759904673
1207	46-47	-0.05157683445942496
1207	48-49	-0.14056639426924278
1207	50-51	-0.18358164936326204
1207	52-53	-0.1588645931267081
1207	54-55	-0.13998164373505517
1207	56-57	-0.10910132663195071
1207	58-59	-0.07357523598773241
1207	60-61	-0.05204265723816803
1207	62-63	-0.08661084178225309
1207	64-65	-0.08836099013176124
1207	66-67	-0.06337491526722516
1207	68-69	-0.01102588388057768
1207	70-71	0.004492716926385754
1207	72-73	0.019460069368520294
1207	74-75	0.061186079305819874
1207	76-77	0.062018046146640415
1207	78-79	0.03988257496157388
1207	80-81	0.05113417087127203
1207	82-83	0.16755518896351163
1207	84-85	0.1063746639273333
1207	86-87	0.2050305311130458
1207	88-89	0.24161261543132184
1207	90	0.2510769033709721
1208	1	-0.21402875005155408
1208	2	-0.2875421751903744
1208	3	-0.2632622628221313
1208	4	-0.2413335104893406
1208	5	-0.22210268228208463
1208	6	-0.222255891332928
1208	7	-0.23406283448002085
1208	8	-0.2629294540111573
1208	9	-0.20966525101049882
1208	10-11	-0.22837908135614526
1208	12-13	-0.26976478582896846
1208	14-15	-0.3021399366922708
1208	16-17	-0.2788772643775772
1208	18-19	-0.28504502799722076
1208	20-21	-0.2606059727230985
1208	22-23	-0.2732107944898132
1208	24-25	-0.23575006304858448
1208	26-27	-0.2670008545579279
1208	28-29	-0.2269165777270885
1208	30-31	-0.32842977800963524
1208	32-33	-0.37500891720326734
1208	34-35	-0.32919509418905335
1208	36-37	-0.28263947938960143
1208	38-39	-0.25818456646094745
1208	40-41	-0.2990941314570037
1208	42-43	-0.2475482107413356
1208	44-45	-0.2619042880998492
1208	46-47	-0.19955859346126203
1208	48-49	-0.16873457885039045
1208	50-51	-0.24948227185987548
1208	52-53	-0.3519690121496808
1208	54-55	-0.33119519303103573
1208	56-57	-0.2537305797652465
1208	58-59	-0.2309335154387142
1208	60-61	-0.22651198752021884
1208	62-63	-0.23024822183540294
1208	64-65	-0.14257636156713005
1208	66-67	-0.07137980085443729
1208	68-69	-0.059426257029130625
1208	70-71	-0.042708172313794535
1208	72-73	0.0370962478823742
1208	74-75	0.04986818419208561
1208	76-77	0.046797142671472614
1208	78-79	0.12892332875580337
1208	80-81	0.2124740493133217
1208	82-83	0.26246752032147214
1208	84-85	0.35488702561150376
1208	86-87	0.3977496628258521
1208	88-89	0.4820103749850517
1208	90	0.455589696475748
2101	1	0.07549856043898018
2101	2	0.1990735431973647
2101	3	0.2721891963972709
2101	4	0.21785967443847198
2101	5	0.1945010278781325
2101	6	0.21491216797451074
2101	7	0.16023326848904418
2101	8	0.1759274210359152
2101	9	0.14629792611427916
2101	10-11	0.19956936697192162
2101	12-13	0.27443035040820973
2101	14-15	0.2618551919914509
2101	16-17	0.2618963442019151
2101	18-19	0.2847145247498659
2101	20-21	0.1869813166221732
2101	22-23	0.16019748811720547
2101	24-25	0.13376922576043881
2101	26-27	0.2817689591831396
2101	28-29	0.2859542345498767
2101	30-31	0.26090392548719166
2101	32-33	0.2868846612330671
2101	34-35	0.2826442959334585
2101	36-37	0.26313527877282183
2101	38-39	0.13122633909456738
2101	40-41	0.16483293882480865
2101	42-43	0.26384797706054286
2101	44-45	0.16727301027645325
2101	46-47	0.2124563372026529
2101	48-49	0.2612181303333969
2101	50-51	0.36203445098285414
2101	52-53	0.36464688955291535
2101	54-55	0.2876917036891484
2101	56-57	0.2620752911249937
2101	58-59	0.2561116676983559
2101	60-61	0.38911875142196806
2101	62-63	0.21884784818116287
2101	64-65	0.23436742194994764
2101	66-67	0.22633508004943081
2101	68-69	0.23192669276092204
2101	70-71	0.12918851143207633
2101	72-73	0.028634787401855988
2101	74-75	0.0945667957918559
2101	76-77	-0.29442440570299766
2101	78-79	-0.20002377695657714
2101	80-81	-0.21942727472794132
2101	82-83	-0.17804816646101784
2101	84-85	-0.38003267695903986
2101	86-87	-0.341216737327521
2101	88-89	-0.3998283569708576
2101	90	-0.4126421919610408
>>END_MODULE
>>Per sequence quality scores	pass
#Quality	Count
18	1.0
19	20.0
20	152.0
21	526.0
22	1445.0
23	2944.0
24	5624.0
25	9313.0
26	15195.0
27	23598.0
28	36324.0
29	54311.0
30	81368.0
31	121373.0
32	182395.0
33	273602.0
34	420318.0
35	655372.0
36	1056955.0
37	1749007.0
38	1421262.0
39	7.0
>>END_MODULE
>>Per base sequence content	pass
#Base	G	A	T	C
1	22.821116680564845	27.17781968322623	24.796158211467898	25.204905424741032
2	25.995219855240748	29.05026122905291	24.62920005393454	20.3253188617718
3	22.82664758885126	26.73083065733372	25.582414460739717	24.860107293075302
4	24.07453831643079	25.105938166408993	25.23028542104939	25.589238096110822
5	24.752205490588292	25.39977994185019	25.62476354548894	24.223251022072578
6	24.67842186495682	24.951841825186644	24.967878186490445	25.40185812336609
7	25.34659813140391	25.298849047440136	25.15587997732655	24.198672843829407
8	23.936887427361828	25.569094462677167	25.796467156877505	24.697550953083496
9	24.223251022072578	25.116558164864266	25.921141684197575	24.73904912886558
10-11	24.358439184227027	25.638598998021966	25.390092670531978	24.612869147219033
12-13	24.270787378794566	25.554686282954727	25.435665391175945	24.73886094707477
14-15	24.168416484593966	25.676178083465008	25.497127200417864	24.658278231523166
16-17	24.28415646775906	25.596290822357698	25.448085389369396	24.671467320513845
18-19	24.33294464248078	25.400516305379444	25.340739950437825	24.925799101701948
20-21	24.36118827473625	25.340355405039215	25.371830855006422	24.926625465218113
22-23	24.43574099116495	25.418974484512802	25.263143598088206	24.882140926234047
24-25	24.52325370570855	25.234760874943873	25.155798159156635	25.086187260190947
26-27	24.53200006807272	25.2664163248849	25.162458158187906	25.03912544885448
28-29	24.585206423969975	25.322780862140963	25.07217998950109	25.019832724387967
30-31	24.593167331902936	25.226611785220104	25.01598727040185	25.164233612475112
32-33	24.614587328787294	25.243392691870152	25.08011635198308	25.06190362735947
34-35	24.627400054196354	25.32025268069052	24.974235458293023	25.078111806820104
36-37	24.670305502501016	25.230015421088662	24.934406373177254	25.16527270323306
38-39	24.629167326666572	25.244947237098586	24.983562729663603	25.142322706571242
40-41	24.656470049967993	25.318109044638685	24.947448189462083	25.07797271593124
42-43	24.643469142768122	25.20426724301567	24.9187218300041	25.233541784212104
44-45	24.632955507933744	25.24828541843121	24.99632636417071	25.12243270946433
46-47	24.659685504045743	25.31454995424728	24.94197455389461	25.083789987812366
48-49	24.671082775115234	25.16588633950744	24.92909637394962	25.23393451142771
50-51	24.607501875272455	25.22650542159921	25.022761814871007	25.143230888257325
52-53	24.628897326705843	25.316456317606356	24.951530916140957	25.103115439546848
54-55	24.62704823606571	25.22277451305098	24.935208191242445	25.21496905964086
56-57	24.57466006186763	25.26428905246705	25.012779998141095	25.148270887524234
58-59	24.625501872654272	25.327542679630156	24.98090363914129	25.06605180857428
60-61	24.65514459561533	25.208006333380894	24.92335273842142	25.213496332582352
62-63	24.586376423799795	25.233500875127145	25.01629817944754	25.16382452162552
64-65	24.604065512135925	25.359779038577596	24.94522273524033	25.09093271404615
66-67	24.600350967221676	25.239735419674847	24.960686369354708	25.199227243748762
68-69	24.5526100650749	25.290765412252302	25.015185452336663	25.141439070336137
70-71	24.584232787747958	25.362454492733892	24.963247278073123	25.090065441445024
72-73	24.61412914703576	25.239588146968995	24.95294637048053	25.193336335514715
74-75	24.551358247075164	25.26807723373422	25.007756362508164	25.172808156682454
76-77	24.590827332243297	25.36074449298262	24.953838188532625	25.094589986241456
78-79	24.548895520160652	25.240987237674585	24.972460004005818	25.237657238158945
80-81	24.47196189498736	25.240479965021095	25.053615446746846	25.2339426932447
82-83	24.51579188861209	25.296942684081063	25.017050906610777	25.17021452069607
84-85	24.46965462259569	25.156599977221823	25.010374543945517	25.363370856236966
86-87	24.60691278444905	25.035901812959736	24.978719094004497	25.378466308586717
88-89	24.654686413863793	25.077154534232065	24.87480183639246	25.39335721551168
90	24.96290364175947	24.713603678021283	24.746412764158144	25.577079916061102
>>END_MODULE
>>Per sequence GC content	warn
#GC Content	Count
0	0.0
1	0.0
2	0.0
3	0.0
4	0.0
5	0.0
6	0.0
7	0.0
8	0.0
9	0.5
10	1.0
11	5.0
12	14.0
13	36.0
14	65.5
15	125.0
16	244.5
17	399.0
18	718.0
19	1344.5
20	1734.0
21	2099.0
22	3239.5
23	4747.0
24	6628.0
25	8927.0
26	11886.0
27	15809.0
28	20623.0
29	26235.5
30	29148.0
31	32248.0
32	38044.5
33	44141.5
34	51398.5
35	60133.5
36	70204.0
37	81035.0
38	93587.5
39	109094.0
40	117687.0
41	127675.0
42	150608.0
43	177832.0
44	207213.5
45	238855.5
46	274336.5
47	312652.5
48	347543.0
49	376149.0
50	389239.0
51	396357.5
52	404579.0
53	398926.5
54	379981.0
55	348931.0
56	305140.0
57	255567.0
58	206315.0
59	159297.5
60	136890.0
61	118268.0
62	84583.0
63	58298.0
64	38742.5
65	24782.5
66	15393.0
67	9069.0
68	5079.0
69	2812.5
70	1975.0
71	1478.5
72	758.0
73	423.0
74	232.5
75	115.0
76	49.0
77	18.0
78	11.0
79	4.0
80	1.0
81	1.5
82	1.5
83	0.5
84	0.0
85	0.0
86	0.0
87	0.0
88	0.0
89	0.0
90	0.0
91	0.0
92	0.0
93	0.0
94	0.0
95	0.0
96	0.0
97	0.0
98	0.0
99	0.0
100	0.0
>>END_MODULE
>>Per base N content	pass
#Base	N-Count
1	0.0
2	0.0
3	0.0
4	0.0
5	0.0
6	0.0
7	0.0
8	0.0
9	0.0
10-11	0.0
12-13	0.0
14-15	0.0
16-17	0.0
18-19	0.0
20-21	0.0
22-23	0.0
24-25	0.0
26-27	0.0
28-29	0.0
30-31	0.0
32-33	0.0
34-35	0.0
36-37	0.0
38-39	0.0
40-41	0.0
42-43	0.0
44-45	0.0
46-47	0.0
48-49	0.0
50-51	0.0
52-53	0.0
54-55	0.0
56-57	0.0
58-59	0.0
60-61	0.0
62-63	0.0
64-65	0.0
66-67	0.0
68-69	0.0
70-71	0.0
72-73	0.0
74-75	0.0
76-77	0.0
78-79	0.0
80-81	0.0
82-83	0.0
84-85	0.0
86-87	0.0
88-89	0.0
90	0.0
>>END_MODULE
>>Sequence Length Distribution	pass
#Length	Count
90	6111112.0
>>END_MODULE
>>Sequence Duplication Levels	pass
#Total Deduplicated Percentage	70.44351276070276
#Duplication Level	Percentage of total
1	48.81237599421852
2	31.833304442108712
3	12.839480156829211
4	4.124473800135127
5	1.2071989710371596
6	0.4781550416026787
7	0.22225502948906017
8	0.15990086598315878
9	0.10923698167409185
>10	0.2136187169222894
>50	0.0
>100	0.0
>500	0.0
>1k	0.0
>5k	0.0
>10k+	0.0
>>END_MODULE
>>Overrepresented sequences	pass
>>END_MODULE
>>Adapter Content	pass
#Position	Illumina Universal Adapter	Illumina Small RNA 3' Adapter	Illumina Small RNA 5' Adapter	Nextera Transposase Sequence	PolyA	PolyG
1	0.0	0.0	0.0	0.0	4.9090901950414264E-5	0.0
2	1.636363398347142E-5	0.0	0.0	1.636363398347142E-5	4.9090901950414264E-5	0.0
3	3.272726796694284E-5	0.0	0.0	1.636363398347142E-5	4.9090901950414264E-5	0.0
4	4.9090901950414264E-5	0.0	0.0	3.272726796694284E-5	4.9090901950414264E-5	0.0
5	4.9090901950414264E-5	0.0	0.0	3.272726796694284E-5	4.9090901950414264E-5	0.0
6	6.545453593388568E-5	0.0	0.0	4.9090901950414264E-5	4.9090901950414264E-5	0.0
7	6.545453593388568E-5	0.0	0.0	8.18181699173571E-5	4.9090901950414264E-5	0.0
8	6.545453593388568E-5	0.0	0.0	8.18181699173571E-5	4.9090901950414264E-5	0.0
9	6.545453593388568E-5	0.0	0.0	8.18181699173571E-5	4.9090901950414264E-5	0.0
10-11	6.545453593388568E-5	0.0	0.0	1.1454543788429994E-4	4.9090901950414264E-5	0.0
12-13	8.18181699173571E-5	0.0	0.0	1.3909088885950707E-4	4.9090901950414264E-5	0.0
14-15	8.18181699173571E-5	0.0	0.0	1.554545228429785E-4	4.9090901950414264E-5	0.0
16-17	9.818180390082853E-5	0.0	0.0	1.636363398347142E-4	4.9090901950414264E-5	0.0
18-19	1.1454543788429994E-4	0.0	0.0	1.7999997381818562E-4	4.9090901950414264E-5	0.0
20-21	1.472727058512428E-4	0.0	0.0	1.9636360780165706E-4	4.9090901950414264E-5	8.18181699173571E-6
22-23	1.636363398347142E-4	0.0	0.0	2.454545097520713E-4	4.9090901950414264E-5	1.636363398347142E-5
24-25	1.8818179080992134E-4	0.0	0.0	2.454545097520713E-4	4.9090901950414264E-5	1.636363398347142E-5
26-27	2.0454542479339278E-4	0.0	0.0	2.618181437355427E-4	4.9090901950414264E-5	1.636363398347142E-5
28-29	2.2909087576859988E-4	0.0	0.0	2.618181437355427E-4	4.9090901950414264E-5	1.636363398347142E-5
30-31	2.454545097520713E-4	0.0	0.0	2.618181437355427E-4	4.9090901950414264E-5	1.636363398347142E-5
32-33	2.7818177771901415E-4	0.0	0.0	2.7818177771901415E-4	4.9090901950414264E-5	1.636363398347142E-5
34-35	3.272726796694284E-4	0.0	0.0	3.10909045685957E-4	4.9090901950414264E-5	1.636363398347142E-5
36-37	3.272726796694284E-4	0.0	0.0	3.5999994763637124E-4	4.9090901950414264E-5	1.636363398347142E-5
38-39	3.272726796694284E-4	0.0	0.0	3.927272156033141E-4	4.9090901950414264E-5	1.636363398347142E-5
40-41	3.272726796694284E-4	0.0	0.0	4.172726665785212E-4	4.9090901950414264E-5	1.636363398347142E-5
42-43	3.4363631365289985E-4	0.0	0.0	4.2545448357025694E-4	4.9090901950414264E-5	2.454545097520713E-5
44-45	3.5999994763637124E-4	0.0	0.0	4.2545448357025694E-4	4.9090901950414264E-5	3.272726796694284E-5
46-47	3.763635816198427E-4	0.0	0.0	4.3363630056199266E-4	4.9090901950414264E-5	3.272726796694284E-5
48-49	3.927272156033141E-4	0.0	0.0	4.663635685289355E-4	4.9090901950414264E-5	3.272726796694284E-5
50-51	3.927272156033141E-4	0.0	0.0	4.909090195041426E-4	4.9090901950414264E-5	3.272726796694284E-5
52-53	4.009090325950498E-4	0.0	0.0	5.318181044628212E-4	4.9090901950414264E-5	3.272726796694284E-5
54-55	4.090908495867855E-4	0.0	0.0	6.054544573884425E-4	4.9090901950414264E-5	3.272726796694284E-5
56-57	4.172726665785212E-4	0.0	0.0	6.299999083636497E-4	4.9090901950414264E-5	3.272726796694284E-5
58-59	4.827272025124069E-4	0.0	0.0	6.545453593388568E-4	4.9090901950414264E-5	3.272726796694284E-5
60-61	4.909090195041426E-4	0.0	0.0	6.954544442975354E-4	6.545453593388568E-5	3.272726796694284E-5
62-63	4.990908364958784E-4	0.0	0.0	7.281817122644781E-4	6.545453593388568E-5	4.9090901950414264E-5
64-65	5.154544704793497E-4	0.0	0.0	7.690907972231568E-4	6.545453593388568E-5	8.18181699173571E-5
66-67	5.563635554380283E-4	8.18181699173571E-6	0.0	7.936362481983639E-4	6.545453593388568E-5	9.818180390082853E-5
68-69	5.972726403967068E-4	1.636363398347142E-5	0.0	8.509089671405139E-4	8.18181699173571E-5	1.3090907186777135E-4
70-71	6.054544573884426E-4	1.636363398347142E-5	0.0	9.163635030743995E-4	9.818180390082853E-5	1.554545228429785E-4
72-73	6.054544573884426E-4	1.636363398347142E-5	0.0	9.32727137057871E-4	1.1454543788429994E-4	2.0454542479339278E-4
74-75	6.299999083636497E-4	1.636363398347142E-5	0.0	9.89999856000021E-4	1.1454543788429994E-4	2.4545450975207127E-4
76-77	0.001636363398347142	1.636363398347142E-5	0.0	0.0010472725749421708	1.1454543788429994E-4	2.8636359471074987E-4
78-79	0.005113635619834819	1.636363398347142E-5	0.0	0.0010799998429091137	1.1454543788429994E-4	3.68181764628107E-4
>>END_MODULE
